# velodyne -> camera1
parent_frame: "velodyne"
child_frame: "camera1"
translation:
  x: -0.673693650
  y: -0.242514968
  z: 0.525331932
rotation_matrix:
  r11: -0.53634573
  r12: -0.38449655
  r13:  0.75132927
  r21: -0.84328133
  r22:  0.20744574
  r23: -0.49582544
  r31:  0.03478312
  r32: -0.89951580
  r33: -0.43550139

