# velodyne -> camera3
parent_frame: "velodyne"
child_frame: "camera3"
translation:
  x: -0.684779167
  y: 0.249383421
  z: 0.525331932
rotation_matrix:
  r11:  0.438637865
  r12: -0.983943558
  r13:  0.423790432
  r21: -0.898628066
  r22: -0.475014187
  r23:  0.214719745
  r31: -0.009965643
  r32: -1.646084946
  r33: -1.092558506

