parent_frame: velodyne
child_frame: camera4
translation:
  x: -0.512613739
  y: 0.021520164
  z: 0.321635495
rotation_matrix:
  r11: -0.03442511
  r12: -0.05656850
  r13:  0.99780505
  r21: -0.99940420
  r22:  0.00442799
  r23: -0.03422925
  r31: -0.00248197
  r32: -0.99838890
  r33: -0.05668723
