parent_frame: velodyne
child_frame: camera2
translation:
  x: -0.256307
  y: 0.01076
  z: 0.130818
rotation_matrix:
  r11: 0.0
  r12: -0.17364817766693036
  r13: 0.984807753012208
  r21: 1.0
  r22: 0.0
  r23: 0.0
  r31: 0.0
  r32: 0.9848077530122081
  r33: 0.17364817766693033
