parent_frame: velodyne
child_frame: camera4
translation:
  x: -0.512613739
  y: 0.021520164
  z: 0.321635495
rotation_matrix:
  r11: 0.0
  r12: 0.0
  r13: 1.0
  r21: 1.0
  r22: 0.0
  r23: 0.0
  r31: 0.0
  r32: 1.0
  r33: 0.0
