# velodyne -> camera3
parent_frame: "velodyne"
child_frame: "camera3"
translation:
  x: -0.684779167
  y: 0.249383421
  z: 0.525331932
rotation_matrix:
  r11:  0.72546592
  r12: -0.36553260
  r13:  0.58316817
  r21: -0.68824199
  r22: -0.37948824
  r23:  0.61831355
  r31: -0.00470830
  r32: -0.84992623
  r33: -0.52688066

