# velodyne -> camera4
parent_frame: "velodyne"
child_frame: "camera4"
translation:
  x: -0.512613739
  y: 0.021520164
  z: 0.321635495
rotation_matrix:
  r11: -0.54320988
  r12: -0.07122735
  r13:  0.83657019
  r21: -0.83733286
  r22: -0.02716573
  r23: -0.54601805
  r31:  0.06161746
  r32: -0.99709011
  r33: -0.04488430

