# velodyne -> camera1
parent_frame: "velodyne"
child_frame: "camera1"
translation:
  x: -0.673693650
  y: -0.242514968
  z: 0.525331932
rotation_matrix:
  r11: -0.69891131
  r12: -0.37262762
  r13:  0.61046838
  r21: -0.71479479
  r22:  0.33490366
  r23: -0.61392829
  r31:  0.02431854
  r32: -0.86544104
  r33: -0.50042024

